49.4180750762,8.6695753154
49.4180744004,8.6695760128
49.4180739292,8.6695766912
49.4180735552,8.6695772233
49.4180728329,8.6695777772
49.4180715311,8.6695788066
49.4180700757,8.6695807817
49.4180687419,8.6695840026
49.4180678073,8.6695888196
49.4180673211,8.6695950153
49.418067493,8.6696020665
49.4180679177,8.6696097522
49.41806841,8.6696176903
49.4180688379,8.6696255668
49.4180695279,8.6696336386
49.4180702521,8.6696420866
49.4180707727,8.6696505209
49.4180711914,8.6696589523
49.4180715496,8.6696675922
49.4180722393,8.6696761703
49.4180732203,8.6696846933
49.4180745118,8.6696931414
49.4180756448,8.6697016064
49.4180765921,8.6697102422
49.4180772744,8.6697189319
49.4180777352,8.6697273996
49.4180780916,8.6697358582
49.4180783242,8.6697445462
49.418078644,8.6697531504
49.4180785811,8.6697616707
49.418078198,8.6697702418
49.4180776522,8.6697788572
49.4180765656,8.6697916411
49.4180753612,8.6698000665
49.4180741018,8.6698086166
49.4180728801,8.6698173699
49.4180720264,8.6698261821
49.4180715007,8.6698350785
49.4180715463,8.6698438013
49.4180718083,8.6698523308
49.4180722505,8.66986077
49.4180727312,8.6698691212
49.4180732476,8.6698773592
49.418073331,8.6698856358
49.4180733145,8.6698942031
49.4180732178,8.66990291
49.4180729534,8.6699114819
49.4180724443,8.6699200713
49.4180720082,8.6699286745
49.4180719047,8.6699373215
49.4180718053,8.6699458637
49.4180716507,8.6699544613
49.4180715455,8.6699632621
49.4180715265,8.6699723054
49.4180712535,8.6699810102
49.4180707252,8.6699894637
49.4180702888,8.6699979321
49.4180707375,8.6700061111
49.4180718445,8.6700141062
49.4180733377,8.6700220389
49.4180752741,8.6700301367
49.4180775481,8.6700383303
49.4180795978,8.6700466708
49.4180811963,8.6700548122
49.4180826006,8.670063068
49.4180840913,8.6700715311
49.4180853341,8.6700800335
49.4180861186,8.6700884317
49.4180869594,8.6700967956
49.4180877093,8.670105332
49.4180882504,8.6701139418
49.418088866,8.6701224738
49.4180893928,8.6701310271
49.4180899236,8.6701396341
49.4180905345,8.6701482407
49.4180913789,8.670156277
49.4180924031,8.6701641077
49.4180936939,8.6701720901
49.41809471,8.6701803501
49.4180955566,8.670188413
49.4180959969,8.6701968286
49.418095802,8.6702057994
49.4180950986,8.6702149434
49.4180944109,8.6702242532
49.4180940252,8.6702337526
49.418093634,8.6702431936
49.4180934581,8.6702525555
49.4180935366,8.6702616529
49.4180938085,8.6702705837
49.4180938554,8.6702795354
49.4180940783,8.6702886751
49.418094592,8.6702975325
49.4180952823,8.6703064726
49.4180958996,8.6703154994
49.418096396,8.6703242673
49.4180965553,8.6703324711
49.4180962065,8.6703400325
49.4180956464,8.6703475181
49.4180954131,8.6703550244
49.4180956269,8.6703628924
49.4180961474,8.6703711263
49.4180966998,8.6703801151
49.4180973259,8.6703891396
49.4180973004,8.6703977206
49.4180971199,8.6704060103
49.4180977317,8.6704141516
49.4180995473,8.6704213455
49.4181022307,8.6704273998
49.4181061434,8.6704324212
49.4181111551,8.6704358335
49.4181164213,8.67043751
49.4181217916,8.6704381383
49.4181273951,8.6704379456
49.4181333579,8.6704372266
49.4181392385,8.6704362224
49.4181446477,8.6704351633
49.4181500551,8.6704341158
49.4181553169,8.6704331787
49.4181604522,8.6704322414
49.4181652508,8.6704313569
49.4181705927,8.6704308404
49.4181761287,8.6704305613
49.4181820763,8.6704302743
49.4181877015,8.6704296871
49.4181933346,8.6704291771
49.4181987422,8.6704286042
49.4182039611,8.67042815
49.4182089008,8.6704277893
49.4182136701,8.6704278973
49.4182185952,8.6704281216
49.4182238686,8.6704282967
49.418229444,8.6704285419
49.4182350215,8.6704285472
49.4182411119,8.6704283479
49.418247214,8.6704279205
49.4182533428,8.6704274443
49.4182594557,8.6704269878
49.4182656186,8.6704266025
49.4182716642,8.6704261946
49.4182777013,8.6704259348
49.418283397,8.6704256985
49.4182890894,8.6704252912
49.4182948812,8.670425432
49.418300725,8.6704257943
49.4183067275,8.6704264909
49.4183129905,8.6704275601
49.4183193939,8.6704289072
49.4183258135,8.6704302532
49.4183323898,8.6704315939
49.418339414,8.6704328547
49.4183462981,8.6704335893
49.418353188,8.6704338414
49.418360186,8.6704337444
49.4183674656,8.670433827
49.4183748096,8.6704343692
49.418382385,8.6704351715
49.4183898862,8.6704362095
49.4183969279,8.6704373696
49.4184034953,8.6704383299
49.4184096719,8.6704389057
49.4184160311,8.6704397455
49.418422244,8.6704408942
49.4184287619,8.6704420374
49.4184355871,8.6704432675
49.4184423929,8.6704443738
49.4184481845,8.6704451062
49.4184535062,8.6704444215
49.4184585928,8.6704433878
49.4184633103,8.6704424322
49.4184682891,8.670441488
49.4184745484,8.6704406799
49.4184815947,8.6704412169
49.4184887339,8.6704419521
49.4184957241,8.6704422026
49.4185021907,8.6704418181
49.4185079397,8.6704408931
49.4185128003,8.6704392295
49.4185170219,8.6704369777
49.4185215641,8.6704344152
49.4185259919,8.6704314808
49.4185298819,8.6704281907
49.4185330914,8.6704244216
49.4185362997,8.6704207866
49.4185391104,8.6704171629
49.4185415826,8.670413503
49.4185438457,8.670409616
49.4185464925,8.6704060038
49.4185491979,8.6704021673
49.4185518833,8.6703982391
49.4185547607,8.6703946411
49.4185581767,8.6703914012
49.4185619751,8.6703880181
49.4185662838,8.6703845049
49.4185707565,8.6703812072
49.4185756328,8.6703783457
49.4185805364,8.6703756388
49.4185851988,8.6703727106
49.4185893218,8.6703694024
49.418592498,8.6703649575
49.4185946368,8.6703588137
49.4185959081,8.6703514607
49.4185969827,8.6703433541
49.4185976859,8.670334979
49.4185985939,8.6703264415
49.418599572,8.6703179041
49.418600612,8.6703091591
49.4186014058,8.6703003537
49.4186021182,8.670291435
49.4186026838,8.6702824054
49.4186031574,8.6702734693
49.4186034116,8.6702649178
49.4186036144,8.6702564175
49.4186039775,8.670247542
49.41860431,8.6702388237
49.4186045812,8.6702302425
49.4186052256,8.6702215898
49.4186055795,8.6702130685
49.4186054359,8.6702052275
49.4186050832,8.6701975649
49.4186048022,8.670189799
49.4186045985,8.6701819535
49.4186046617,8.6701741546
49.4186050067,8.6701658789
49.4186055542,8.6701574649
49.4186062163,8.6701490434
49.4186068899,8.6701407306
49.4186077577,8.6701325779
49.4186086456,8.6701244817
49.418609384,8.6701164421
49.4186097996,8.6701086521
49.4186100582,8.6701008022
49.4186099613,8.6700924322
49.4186096088,8.6700842711
49.4186092152,8.670075952
49.4186090813,8.6700674043
49.4186089963,8.67005903
49.4186090649,8.6700511046
49.4186095844,8.6700429387
49.418610446,8.6700347557
49.418611442,8.6700268048
